WO-02 SF_Telem runtime baselines (Release, 2D-only, non-recording/idle)
machine=DESKTOP-SEOA4BT  started=2026-09-17T00:37:12.3354830-07:00

=== (e) NON-RECORDING MEMORY PLATEAU ===
warmup 60s...
t_s,private_MB,workingset_MB,handles,threads
0,234.92,97.47,466,27
5,234.92,97.47,466,27
10,234.92,97.47,466,27
15,234.88,97.47,466,27
20,234.88,97.47,466,27
25,234.88,97.47,466,27
30,234.88,97.47,466,27
35,234.88,97.47,466,27
40,234.88,97.47,466,27
45,234.88,97.33,466,27
50,234.88,97.33,466,27
55,234.88,97.33,466,27
60,235.19,97.36,466,27
65,225.62,97.36,466,27
70,225.62,97.36,466,27
75,225.09,96.84,464,24
80,225.09,96.84,464,24
85,225.09,96.84,464,24
90,225.09,96.84,464,24
95,225.09,96.84,464,24
100,225.09,96.84,464,24
105,225.09,96.84,464,24
110,225.09,96.84,464,24
115,225.09,96.84,464,24
120,225.09,96.84,464,24
125,225.09,96.84,464,24
130,225.09,96.84,464,24
135,225.09,96.77,464,24
140,224.94,96.68,460,23
145,224.94,96.68,460,23
150,225.28,96.85,460,24
155,225.28,96.85,460,24
160,225.28,96.85,460,24
165,225.28,96.85,460,24
170,225.28,96.85,460,24
175,225.28,96.85,460,24
180,225.28,96.85,460,24
PLATEAU initial_private_MB=234.92
PLATEAU median_last60s_private_MB=225.28
PLATEAU max_last60s_private_MB=225.28
PLATEAU growth_initial_to_plateau_MB=-9.64
PLATEAU trend_MiB_per_10min=-43.218
PLATEAU handles_range=460..466 threads_range=23..27
PLATEAU_close_seconds=0.144 exited=True exitcode=0

=== (a) NORMAL CLOSE TIME (idle/open) x5 ===
run,settle_s,close_seconds,exited,exitcode
1,10,0.149,True,0
2,10,0.131,True,0
3,10,0.142,True,0
4,10,0.146,True,0
5,10,0.141,True,0
CLOSE idle/open n=5 min=0.131 median=0.142 max=0.149 (seconds)

finished=2026-09-17T00:42:22.7323888-07:00
DONE
